236281
202313
206433
207139
202137
200722
200064
230813
203192
224642
202530
212115
208342
229502
203131
201379
204571
233892
222198
232089
226451
200729
231941
231942
232006
230705
225498
229020
230685
203655
202322
217988
218407
200279
200037
204048
203933
228841
202780
200355
202383
202400
201649
202687
221695
203553
200028
230501
215557
219336
221439
224831
200014
203070
215634
200679
210279
205316
228924
201414
228497
202884
220910
208043
201856
200629
201411
200709
226430
218620
216967
203119
205155
203658
201231
213376
212013
215352
200025
200044
200032
201228
202198
200554
202432
202192
201728
200630
202750
202005
200610
202968
200970
200965
210414
206559
201309
212430
203286
207243
213483
204651
212566
200011
201337
200556
211100
211124
202402
205429
213754
206721
213271
201103
210001
204030
203281
209728
209016
210841
202250